0.001 29200000 20 11
0.0015 29200000 30 12
0.0047 29200000 40 13
0.0019 29200000 50 14
0.0032 29200000 60 15
0.0022 29200000 70 16
0.0048 29200000 80 17
0.0011 29200000 90 18
0.0007 29200000 100 19
0.001 29200000 11 20
0.0008 29200000 31 22
0.0031 29200000 41 23
0.0046 29200000 51 24
0.0005 29200000 61 25
0.0004 29200000 71 26
0.0021 29200000 81 27
0.0027 29200000 91 28
0.0014 29200000 101 29
0.0029 29200000 12 30
0.005 29200000 22 31
0.0017 29200000 42 33
0.0034 29200000 52 34
0.0017 29200000 62 35
0.0028 29200000 72 36
0.0011 29200000 82 37
0.0024 29200000 92 38
0.0023 29200000 102 39
0.0029 29200000 13 40
0.0007 29200000 23 41
0.0043 29200000 33 42
0.0026 29200000 53 44
0.0024 29200000 63 45
0.0036 29200000 73 46
0.0043 29200000 83 47
0.004 29200000 93 48
0.001 29200000 103 49
0.0001 29200000 14 50
0.0005 29200000 24 51
0.0028 29200000 34 52
0.0021 29200000 44 53
0.0003 29200000 64 55
0.0044 29200000 74 56
0.0026 29200000 84 57
0.0037 29200000 94 58
0.0001 29200000 104 59
0.0036 29200000 15 60
0.0015 29200000 25 61
0.0001 29200000 35 62
0.0031 29200000 45 63
0.0048 29200000 55 64
0.005 29200000 75 66
0.0035 29200000 85 67
0.0008 29200000 95 68
0.0049 29200000 105 69
0.0008 29200000 16 70
0.0015 29200000 26 71
0.0017 29200000 36 72
0.0037 29200000 46 73
0.0019 29200000 56 74
0.003 29200000 66 75
0.0009 29200000 86 77
0.002 29200000 96 78
0.0007 29200000 106 79
0.0049 29200000 17 80
0.0028 29200000 27 81
0.0026 29200000 37 82
0.0034 29200000 47 83
0.0027 29200000 57 84
0.0034 29200000 67 85
0.0031 29200000 77 86
0.0013 29200000 97 88
0.0025 29200000 107 89
0.0018 29200000 18 90
0.0037 29200000 28 91
0.0041 29200000 38 92
0.0039 29200000 48 93
0.0015 29200000 58 94
0.0013 29200000 68 95
0.0008 29200000 78 96
0.0017 29200000 88 97
0.0001 29200000 108 99
0.0032 29200000 19 100
0.0045 29200000 29 101
0.0021 29200000 39 102
0.004 29200000 49 103
0.0007 29200000 59 104
0.0008 29200000 69 105
0.001 29200000 79 106
0.0049 29200000 89 107
0.002 29200000 99 108
